[NombreSistemaBandas]
nombre=ap1Sigmau__X1Sigmag N2

[Intervalos]
v1min=2
v1max=7
v2min=11
v2max=18

[Constantes]
we_1=1530.254
we_2=2358.57
we_xe_1=12.0747
we_xe_2=14.324
re_1=1.2755
re_2=1.097685
miu=7.500053859
[Integracion]
A=0.4
B=3.5
N=210