[NombreSistemaBandas]
nombre=B3Sigmag__X1Sigmag N2

[Intervalos]
v1min=4
v1max=10
v2min=11
v2max=18

[Constantes]
we_1=1675.355
we_2=2358.57
we_xe_1=13.433
we_xe_2=14.324
re_1=1.21252
re_2=1.097685
miu=7.500053859
[Integracion]
A=0.4
B=3.5
N=210
