[NombreSistemaBandas]
nombre=Bp3Sigmau__B3Pig N2

[Intervalos]
v1min=0
v1max=9
v2min=0
v2max=9

[Constantes]
we_1=1465.570
we_2=1675.355
we_xe_1=11.323
we_xe_2=13.433
re_1=1.278387
re_2=.21252
miu=7.500053859
[Integracion]
A=0.4
B=3.5
N=210